0, start, -0.18744163, -0.06808572, -0.036416892, 0.21449661
1, A_ACCEPTED, -0.30381075, 0.02227548, 0.016940655, -0.08217847
2, A_ACTIVATED, -0.08918306, 0.0168467, 0.11592799, -0.20762981
3, A_APPROVED, -0.08342074, 0.013338379, 0.11110305, -0.19363809
4, A_CANCELLED, -0.11848212, 0.06584006, -0.12624088, -0.120227724
5, A_DECLINED, -0.103864774, 0.057738826, -0.114140324, -0.11408693
6, A_FINALIZED, -0.30690885, 0.01932469, 0.0153436875, -0.07706686
7, A_PARTLYSUBMITTED, 0.088655256, 0.05550714, -0.14127526, -0.085407585
8, A_PREACCEPTED, -0.09597723, 0.06082586, -0.12685244, -0.1086643
9, A_REGISTERED, -0.091299765, 0.01810565, 0.11672733, -0.2208538
10, A_SUBMITTED, 0.08860263, 0.053748056, -0.1411324, -0.0857429
11, O_ACCEPTED, -0.08159144, 0.031940103, 0.09650853, -0.26337174
12, O_CANCELLED, -0.13837624, 0.06490675, -0.124814495, -0.120747335
13, O_CREATED, -0.29475367, 0.023077443, 0.0076230364, -0.06707539
14, O_DECLINED, -0.30433658, 0.0137590375, 0.043544605, -0.113200314
15, O_SELECTED, -0.30582684, 0.02254739, 0.009850798, -0.07661136
16, O_SENT, -0.30805668, 0.021678947, 0.009770048, -0.07554845
17, O_SENT_BACK, -0.108704574, 0.025419459, 0.06876382, -0.18345653
18, W_Afhandelen leads, -0.09067455, 0.02413386, 0.08447785, -0.21979827
19, W_Beoordelen fraude, -0.06384413, 0.022472428, 0.094756275, -0.26548007
20, W_Completeren aanvraag, -0.110948704, 0.020334806, 0.08855435, -0.20425515
21, W_Nabellen incomplete dossiers, -0.10109559, 0.025533121, 0.08906893, -0.22407454
22, W_Nabellen offertes, -0.08847929, 0.01866734, 0.06945933, -0.17628227
23, W_Valideren aanvraag, -0.08971857, 0.028068298, 0.09286771, -0.24261998
24, end, -0.18157525, -0.064131916, -0.039163906, 0.20705873
