0, start, 0.14515108, 0.028200014, 0.37982854, 0.12513578
1, A_Accepted, 0.794869, 0.014738196, -0.26579422, -0.08399038
2, A_Cancelled, 0.1973357, 0.36070117, -0.12539612, 0.074939795
3, A_Complete, 0.8096842, 0.018701779, -0.2714253, -0.08533322
4, A_Concept, 0.22061135, 0.3242769, -0.12513816, 0.06363801
5, A_Create Application, 0.21526092, 0.35471088, -0.12870978, 0.071540385
6, A_Denied, 1.0463088, -0.010619491, -0.33220887, -0.10302911
7, A_Incomplete, 0.8117541, 0.011264914, -0.2712312, -0.08687633
8, A_Pending, 0.85322875, 0.0068789744, -0.28431222, -0.09206248
9, A_Submitted, -0.14268968, 0.46057236, -0.03039055, 0.1392459
10, A_Validating, 0.7857602, 0.020664832, -0.2655628, -0.079606496
11, O_Accepted, 0.8653469, 0.0071380115, -0.2883936, -0.09264782
12, O_Cancelled, 0.23155038, 0.31690252, -0.13002318, 0.059201084
13, O_Create Offer, 0.7628022, 0.022759257, -0.25696772, -0.07729531
14, O_Created, 0.7654477, 0.025781881, -0.26145786, -0.07637557
15, O_Refused, 1.0514339, -0.011195921, -0.33313766, -0.10234063
16, O_Returned, 0.84221417, 0.011985757, -0.28042123, -0.08957773
17, O_Sent (mail and online), 0.7818992, 0.022357069, -0.26322046, -0.07993967
18, O_Sent (online only), 0.93661034, -0.009563419, -0.3123818, -0.10488465
19, W_Assess potential fraud, 1.3245755, 0.031669475, 0.23617245, 0.090479754
20, W_Call after offers, 0.8233647, 0.01729584, -0.27875835, -0.08032372
21, W_Call incomplete files, 0.829818, 0.011550741, -0.2785603, -0.08634809
22, W_Complete application, 0.8072055, 0.018640205, -0.27196276, -0.082344696
23, W_Handle leads, 0.35442993, 0.22923374, -0.15601395, 0.02331582
24, W_Personal Loan collection, 0.6790148, 0.02590887, 0.25478202, 0.08746764
25, W_Shortened completion, 0.3756073, -0.021180969, -0.32874575, -0.10945327
26, W_Validate application, 0.84255165, 0.021642702, -0.2868445, -0.0736966
27, end, -0.13090402, -0.03028485, -0.36413276, -0.11862595
