0, start, 0.033535417, -0.024337599, -0.008033202, -0.0007020363, 0.088902, -0.19850086, -0.01232586
1, 01_BB_540, 0.031870175, 0.08185543, 0.051373295, -0.07227916, 0.08487555, 0.028460836, -0.0072861235
2, 01_BB_545, 0.075596645, -0.008544732, 0.11388415, -0.07855637, 0.101195954, 0.06121423, -0.021619324
3, 01_BB_546, 0.06890698, -0.0055428473, 0.095565796, -0.10586545, 0.06807371, 0.04980387, -0.017426316
4, 01_BB_550, 0.07074517, -0.010315388, 0.051847465, -0.061737224, 0.098900035, 0.06095737, -0.021862198
5, 01_BB_550_1, 0.07836866, -0.008547688, 0.07474366, -0.12055061, 0.08583449, 0.07114449, -0.025651416
6, 01_BB_550_2, 0.06890371, 0.0010993428, 0.10283923, -0.13179226, 0.06421527, 0.06523818, -0.019572102
7, 01_BB_560, 0.029115811, -0.01236281, 0.08327792, -0.06563741, 0.1012218, 0.050073903, -0.022314029
8, 01_BB_590, 0.062867545, 0.00042851362, 0.106974125, -0.11675452, 0.068335176, 0.04492406, -0.018823005
9, 01_BB_630, 0.063282564, -0.007397409, 0.09153575, -0.09301554, 0.09149258, 0.05263907, -0.024842987
10, 01_BB_635, 0.05130404, -0.0055547445, 0.07101543, -0.12154845, 0.08158615, 0.040412065, -0.019820213
11, 01_BB_636, 0.06504989, -0.009110824, 0.08118035, -0.0805612, 0.09169156, 0.053660683, -0.0233302
12, 01_BB_640, 0.06370239, -0.0036813754, 0.07516922, -0.1164934, 0.084980875, 0.050112832, -0.022542384
13, 01_BB_670, 0.07769062, -0.0025117071, 0.1203115, -0.1076685, 0.08540819, 0.03755882, -0.024536634
14, 01_BB_670_1, 0.066013776, -0.0029417363, 0.053437985, -0.10002808, 0.07568064, 0.049519844, -0.020010106
15, 01_BB_670_2, 0.058894422, -0.0048853094, 0.063945435, -0.10205503, 0.056985963, 0.05056242, -0.01836866
16, 01_BB_680, 0.06078708, -0.0058654174, 0.11565844, -0.05992713, 0.08403926, 0.06364135, -0.019165928
17, 01_BB_700, 0.060832255, -0.007774615, 0.10092087, -0.091652915, 0.07985157, 0.043114915, -0.019700637
18, 01_BB_730, 0.05612589, -0.004931435, 0.07887788, -0.10135937, 0.09405001, 0.04900117, -0.025809899
19, 01_BB_740, 0.086727165, -0.003915213, 0.095472865, -0.131862, 0.087411985, 0.04983967, -0.021508884
20, 01_BB_755, 0.063192666, -0.010224176, 0.1029043, -0.09630938, 0.09184953, 0.05106597, -0.023314502
21, 01_BB_760, 0.05436383, -0.00073215755, 0.101144426, -0.08695741, 0.08441385, 0.064319104, -0.019774811
22, 01_BB_765, 0.04911112, -0.00049651205, 0.07121839, -0.0923327, 0.07231063, 0.040873196, -0.018445311
23, 01_BB_766, 0.058829486, -0.0094479965, 0.11306563, -0.07289084, 0.09465199, 0.037305254, -0.021802524
24, 01_BB_770, 0.03820558, 0.08168362, 0.057998206, -0.08023499, 0.08965536, 0.035430603, -0.004842241
25, 01_BB_775, 0.04542856, -0.008824294, 0.068165235, -0.08389111, 0.08013029, 0.04219098, -0.019580359
26, 01_HOOFD_010, 0.029113779, -0.0008710511, 0.043331623, -0.05405337, 0.053784672, 0.026512846, -0.014759307
27, 01_HOOFD_011, 0.059181336, -0.009309655, 0.0873991, -0.10962649, 0.10465696, 0.05356583, -0.025518937
28, 01_HOOFD_015, 0.033422455, -0.0049253902, 0.04858656, -0.062054973, 0.060692586, 0.02977848, -0.014212504
29, 01_HOOFD_020, 0.03385543, -0.0038347244, 0.05100281, -0.06175708, 0.06131492, 0.03022656, -0.020051278
30, 01_HOOFD_030_1, 0.03906753, -0.003228173, 0.058376253, -0.07365947, 0.073011234, 0.035764065, -0.017422196
31, 01_HOOFD_030_2, 0.03529593, -0.0031617747, 0.0546247, -0.066458404, 0.07093355, 0.032744493, -0.015613769
32, 01_HOOFD_040, 0.033297267, -0.0037653432, 0.049743336, -0.06044839, 0.060788948, 0.030590508, -0.014725637
33, 01_HOOFD_050, 0.038521018, -0.0046510594, 0.057937883, -0.07348102, 0.07199665, 0.035034332, -0.017795002
34, 01_HOOFD_055, 0.036756795, -0.005157035, 0.053648945, -0.06440399, 0.0635005, 0.03314592, -0.0151377525
35, 01_HOOFD_060, 0.04733244, -0.008026873, 0.069183975, -0.08808464, 0.08438146, 0.043575797, -0.02074998
36, 01_HOOFD_061, 0.041481204, -0.0067777797, 0.061599165, -0.07396875, 0.07507264, 0.03681778, -0.021250546
37, 01_HOOFD_065_0, 0.047410835, -0.0047935694, 0.07094335, -0.08910095, 0.08514907, 0.043527965, -0.023314621
38, 01_HOOFD_065_1, 0.031417154, -0.003939103, 0.047636658, -0.056913346, 0.058019593, 0.028685657, -0.013113822
39, 01_HOOFD_065_2, 0.046135467, -0.006884158, 0.06857818, -0.08527492, 0.08507996, 0.041823238, -0.020953627
40, 01_HOOFD_080, 0.06932131, -0.0076066754, 0.09977822, -0.099392414, 0.07289886, 0.07276623, -0.020787973
41, 01_HOOFD_090, 0.042676155, -0.0054288004, 0.064077124, -0.07273885, 0.072266184, 0.039090145, -0.018677553
42, 01_HOOFD_099, 0.043639276, -0.008793318, 0.0629451, -0.08029002, 0.075949155, 0.040570974, -0.02091478
43, 01_HOOFD_100, 0.029780032, -0.0027955226, 0.0424238, -0.052349467, 0.05069739, 0.027022181, -0.013774678
44, 01_HOOFD_100_0, 0.05140299, -0.0072707995, 0.076357976, -0.096485145, 0.09240931, 0.046437774, -0.022939814
45, 01_HOOFD_101, 0.03605795, -0.0030546684, 0.053738296, -0.06589068, 0.06682649, 0.032419693, -0.015761394
46, 01_HOOFD_101b, 0.053628035, -0.00891241, 0.07561522, -0.09763668, 0.0781835, 0.046314444, -0.019880218
47, 01_HOOFD_110, 0.03222714, -0.000954141, 0.048537042, -0.05989336, 0.059926003, 0.029206976, -0.014236355
48, 01_HOOFD_110_0, 0.040153477, -0.0044850865, 0.05966967, -0.0736479, 0.071358725, 0.036703303, -0.018026823
49, 01_HOOFD_110_1, 0.04233182, -0.0021657376, 0.06289088, -0.077107936, 0.076898396, 0.039257128, -0.017807906
50, 01_HOOFD_110_2, 0.040613905, -0.0066265226, 0.060365517, -0.06921279, 0.070789054, 0.038486514, -0.018975869
51, 01_HOOFD_120, 0.032491945, -0.0038605975, 0.04829689, -0.059985384, 0.058851674, 0.029673329, -0.01581549
52, 01_HOOFD_130, 0.036420047, -0.005649467, 0.052689034, -0.06520724, 0.062808886, 0.032987904, -0.01439824
53, 01_HOOFD_140, 0.07289904, -0.0039321273, 0.12017625, -0.10556711, 0.07218624, 0.055058695, -0.021250289
54, 01_HOOFD_150, 0.06260629, -0.011557783, 0.049557418, -0.1325509, 0.09856008, 0.04639066, -0.026464239
55, 01_HOOFD_160, 0.06402992, -0.004573873, 0.093687885, -0.1141888, 0.06298374, 0.052056313, -0.018945502
56, 01_HOOFD_180, 0.031865098, 0.038930673, 0.048181918, -0.06467239, 0.06978107, 0.03188613, -0.010776901
57, 01_HOOFD_181, 0.053493265, -0.008849197, 0.07891521, -0.08245802, 0.07873981, 0.04385474, -0.020509291
58, 01_HOOFD_190, 0.043076452, -0.0073574483, 0.06118049, -0.07669336, 0.07307532, 0.039245255, -0.0182929
59, 01_HOOFD_190_1, 0.03541319, -0.004793883, 0.055599824, -0.06958213, 0.06614846, 0.039470322, -0.018148156
60, 01_HOOFD_190_2, 0.051894665, -0.009226952, 0.07465017, -0.09093626, 0.08501317, 0.045175422, -0.021134302
61, 01_HOOFD_191, 0.061338782, -0.008439156, 0.09528805, -0.11136386, 0.07773887, 0.05023375, -0.019730674
62, 01_HOOFD_192, 0.051091406, -0.00948468, 0.07476377, -0.09090323, 0.07470485, 0.038042095, -0.021619055
63, 01_HOOFD_193, 0.044935275, -0.0062983017, 0.07339313, -0.08837389, 0.07896103, 0.046346024, -0.018302085
64, 01_HOOFD_195, 0.031536818, 0.04708917, 0.05008553, -0.06486332, 0.07003363, 0.03085898, -0.009548457
65, 01_HOOFD_195_1, 0.043818094, -0.010263252, 0.068126686, -0.09065947, 0.07108004, 0.02891861, -0.019178528
66, 01_HOOFD_195_2, 0.054810505, -0.005300175, 0.08116004, -0.09479728, 0.06999988, 0.058901876, -0.020780701
67, 01_HOOFD_196, 0.03368005, 0.051803134, 0.052091427, -0.07048079, 0.077250004, 0.031366035, -0.0076146014
68, 01_HOOFD_197, 0.058734257, -0.012192101, 0.08066263, -0.07797647, 0.098003484, 0.022575237, -0.024255874
69, 01_HOOFD_200, 0.036444023, 0.052675165, 0.056421414, -0.076396495, 0.08226229, 0.033736527, -0.011543569
70, 01_HOOFD_205, 0.04121918, -0.0059225117, 0.062573925, -0.07708675, 0.07496468, 0.03761932, -0.018447308
71, 01_HOOFD_210_0, 0.061922025, -0.015061593, 0.06719477, -0.103436664, 0.114519805, 0.06426002, -0.030805854
72, 01_HOOFD_210_1, 0.0672194, -0.004802122, 0.06952065, -0.11969859, 0.08029112, 0.041639708, -0.023637312
73, 01_HOOFD_210_2, 0.052199833, -0.007347237, 0.080661625, -0.09590048, 0.073122635, 0.047660526, -0.020464668
74, 01_HOOFD_250, 0.02981095, -0.002969874, 0.045830317, -0.054832205, 0.05418303, 0.027890617, -0.013018753
75, 01_HOOFD_250_0, 0.029396463, 0.05228734, 0.04631511, -0.062039547, 0.068515815, 0.030241005, -0.0071638576
76, 01_HOOFD_250_1, 0.032802213, -0.0049022012, 0.04882858, -0.06090302, 0.060268126, 0.030533157, -0.013886423
77, 01_HOOFD_250_2, 0.03348866, -0.0050315703, 0.046926327, -0.06070199, 0.060268, 0.030404788, -0.014477066
78, 01_HOOFD_260, 0.039460044, -0.007220777, 0.060396798, -0.07545307, 0.07318573, 0.037204262, -0.017905502
79, 01_HOOFD_270, 0.04110191, -0.01048135, 0.07097946, -0.0927797, 0.09103195, 0.048788037, -0.02022896
80, 01_HOOFD_280_1, 0.06877557, -0.010844133, 0.057259593, -0.10916581, 0.0862625, 0.053588018, -0.023052698
81, 01_HOOFD_280_2, 0.08403925, -0.008304151, 0.08572165, -0.13756897, 0.08601435, 0.06524893, -0.023532012
82, 01_HOOFD_330, 0.028379569, 0.038373448, 0.04382654, -0.05912554, 0.063769355, 0.026303004, -0.009149318
83, 01_HOOFD_331, 0.06273975, -0.0029057392, 0.11126272, -0.087357156, 0.058331795, 0.03784752, -0.017985066
84, 01_HOOFD_332, 0.071679205, -0.007456586, 0.076688915, -0.107135236, 0.083166055, 0.056702234, -0.022289928
85, 01_HOOFD_350_0, 0.05132465, -0.004143282, 0.09617612, -0.07629979, 0.08337707, 0.050958883, -0.019687824
86, 01_HOOFD_350_1, 0.05047616, -0.0076459753, 0.078042336, -0.089320146, 0.06955745, 0.050910655, -0.018621022
87, 01_HOOFD_350_2, 0.052760262, -0.0055268593, 0.073269516, -0.07690531, 0.07131776, 0.046713814, -0.02285782
88, 01_HOOFD_370, 0.030551888, -0.0037936913, 0.045317966, -0.0551797, 0.05402953, 0.02759298, -0.014449007
89, 01_HOOFD_375, 0.036587484, -0.0034105377, 0.054490652, -0.0685553, 0.06553913, 0.03330962, -0.015232562
90, 01_HOOFD_380, 0.03197197, -0.0025090894, 0.047453236, -0.058674596, 0.05630431, 0.028969295, -0.017002286
91, 01_HOOFD_390, 0.061989415, -0.006881512, 0.100041494, -0.08854093, 0.08305769, 0.047930047, -0.021220924
92, 01_HOOFD_400, 0.05461371, -0.008440186, 0.08618494, -0.085462175, 0.08381406, 0.04444649, -0.023708867
93, 01_HOOFD_410_0, 0.06466245, -0.0040094703, 0.10056455, -0.107982144, 0.060154464, 0.04862414, -0.016873095
94, 01_HOOFD_410_1, 0.06186252, -0.005168841, 0.09910433, -0.11215447, 0.06102214, 0.047886495, -0.01781336
95, 01_HOOFD_410_2, 0.0617056, -0.0050453194, 0.10153344, -0.11488943, 0.061340693, 0.0479922, -0.019561354
96, 01_HOOFD_420, 0.06491188, -0.0063598, 0.10449636, -0.10094589, 0.07697731, 0.052743156, -0.019987324
97, 01_HOOFD_430, 0.04451853, -0.007986801, 0.06603004, -0.08351837, 0.08602125, 0.039385818, -0.020641897
98, 01_HOOFD_440_1, 0.050210472, -0.0034008955, 0.07179349, -0.091811955, 0.08548919, 0.044842426, -0.020291703
99, 01_HOOFD_440_1a, 0.0652003, -0.010147896, 0.07273652, -0.09962589, 0.08989426, 0.0556952, -0.023847142
100, 01_HOOFD_440_2, 0.056479942, -0.0085837245, 0.08087429, -0.097975336, 0.08988379, 0.04908931, -0.027036533
101, 01_HOOFD_445, 0.055296816, -0.008511968, 0.08225906, -0.090197735, 0.08758339, 0.049704563, -0.020997344
102, 01_HOOFD_446, 0.044250958, -0.009304046, 0.070013754, -0.08330569, 0.07781253, 0.04409848, -0.019931627
103, 01_HOOFD_446_0, 0.062011395, -0.009149187, 0.09432813, -0.08541179, 0.08744603, 0.0484896, -0.020994397
104, 01_HOOFD_446_1, 0.06910346, -0.013208294, 0.052560516, -0.0877796, 0.11324617, 0.067953564, -0.028123936
105, 01_HOOFD_446_2, 0.079805866, -0.008338066, 0.09056068, -0.118111044, 0.072854415, 0.0023084527, -0.020140963
106, 01_HOOFD_447, 0.043655515, -0.011427876, 0.09393629, -0.09496243, 0.09242788, 0.042563684, -0.022768931
107, 01_HOOFD_450, 0.05125687, -0.010002162, 0.070872605, -0.09116107, 0.08528506, 0.045738004, -0.01706887
108, 01_HOOFD_451, 0.05326005, -0.006274741, 0.073156156, -0.08824746, 0.06826044, 0.048226915, -0.01541144
109, 01_HOOFD_455, 0.03944295, -0.0034114101, 0.07808421, -0.09327948, 0.077284776, 0.047819734, -0.024142377
110, 01_HOOFD_456, 0.045941368, -0.01183582, 0.08851185, -0.098638654, 0.10153053, 0.008982349, -0.027309785
111, 01_HOOFD_459, 0.062354248, -0.006981875, 0.09389716, -0.10066416, 0.07486288, 0.05681991, -0.02205021
112, 01_HOOFD_460, 0.03800914, -0.0077355066, 0.05512771, -0.07104953, 0.0662087, 0.034917872, -0.017555421
113, 01_HOOFD_460a, 0.059837487, -0.010809724, 0.08241765, -0.10582905, 0.09555948, 0.052105516, -0.021264756
114, 01_HOOFD_465, 0.037596047, -0.00781362, 0.071482286, -0.08972229, 0.07424228, 0.043622304, -0.021975186
115, 01_HOOFD_470, 0.04570513, -0.006849708, 0.065472394, -0.08230439, 0.08034594, 0.04127282, -0.016120253
116, 01_HOOFD_480, 0.028398257, -0.0038180586, 0.042232443, -0.05232827, 0.05106403, 0.025774678, -0.012111414
117, 01_HOOFD_490_1, 0.037866723, -0.005592296, 0.05724589, -0.07103548, 0.068630464, 0.034221746, -0.019073047
118, 01_HOOFD_490_1a, 0.04251914, -0.0010007925, 0.063238576, -0.080871485, 0.07793496, 0.03831117, -0.018138776
119, 01_HOOFD_490_2, 0.046043202, -0.0045572333, 0.06883071, -0.08553213, 0.08370254, 0.042256806, -0.022254877
120, 01_HOOFD_490_3, 0.03236909, -0.0041046524, 0.04869425, -0.05987403, 0.05869249, 0.03045314, -0.013848454
121, 01_HOOFD_490_3a, 0.046643097, -0.005490229, 0.068094805, -0.08446096, 0.073502146, 0.04298497, -0.018696358
122, 01_HOOFD_490_4, 0.030894, -0.0030209138, 0.04568806, -0.05730919, 0.057127472, 0.028335098, -0.012581082
123, 01_HOOFD_490_5, 0.03332865, -0.0046276255, 0.05092675, -0.06272084, 0.06059419, 0.03125673, -0.016566887
124, 01_HOOFD_490_5a, 0.04822455, -0.004111363, 0.07107498, -0.0910528, 0.08809617, 0.04404622, -0.020676987
125, 01_HOOFD_491, 0.045908, -0.0071724667, 0.07114033, -0.0877258, 0.08923219, 0.042598277, -0.02194006
126, 01_HOOFD_491a, 0.04067443, -0.008002374, 0.057750028, -0.07423845, 0.07038974, 0.037490636, -0.017483968
127, 01_HOOFD_492_0, 0.07122146, -0.008561849, 0.083702125, -0.11273183, 0.09606399, 0.053372752, -0.024852602
128, 01_HOOFD_492_1, 0.0622857, -0.0097146025, 0.0866976, -0.11129834, 0.088487156, 0.05340173, -0.020988224
129, 01_HOOFD_492_2, 0.0651463, -0.0081175845, 0.09421495, -0.1112306, 0.08671509, 0.051007032, -0.025568975
130, 01_HOOFD_493, 0.049633794, -0.008045321, 0.072492614, -0.088857, 0.082076706, 0.045333926, -0.021776652
131, 01_HOOFD_494a, 0.031086275, -0.006885576, 0.045748044, -0.056998868, 0.055105604, 0.029226402, -0.012492037
132, 01_HOOFD_495, 0.036051963, -0.0032139404, 0.05305073, -0.06615905, 0.063327916, 0.032538712, -0.018596105
133, 01_HOOFD_496_1, 0.05227877, -0.0069607883, 0.13603458, -0.06995941, 0.094792604, 0.052294884, -0.024302866
134, 01_HOOFD_496_2, 0.051270597, -0.0013596299, 0.11070452, -0.131565, 0.039189402, 0.04841293, -0.015256086
135, 01_HOOFD_498, 0.04841464, -0.011627699, 0.06848143, -0.1101303, 0.08301069, 0.023549631, -0.022104073
136, 01_HOOFD_500, 0.03915691, -0.0049710227, 0.05707389, -0.06990343, 0.06961617, 0.035893034, -0.016143087
137, 01_HOOFD_505, 0.038329948, -0.00775273, 0.071330525, -0.077564865, 0.07960632, 0.03923681, -0.020884832
138, 01_HOOFD_510_0, 0.026167056, -0.0020235516, 0.039306425, -0.04887311, 0.04730511, 0.024688315, -0.012350917
139, 01_HOOFD_510_1, 0.061242957, -0.008980645, 0.09005483, -0.11417851, 0.113089465, 0.05513549, -0.028595807
140, 01_HOOFD_510_2, 0.03206043, -0.0010118043, 0.046890732, -0.05776835, 0.05784484, 0.02879295, -0.0153212575
141, 01_HOOFD_510_2a, 0.038309928, -0.006382232, 0.059565432, -0.074061275, 0.07158749, 0.03590474, -0.017578088
142, 01_HOOFD_510_3, 0.039935794, -0.0065900586, 0.05873553, -0.07146258, 0.06932872, 0.03593808, -0.017281637
143, 01_HOOFD_510_4, 0.03599468, -0.0034569844, 0.053071927, -0.06679499, 0.06586548, 0.03307266, -0.015362428
144, 01_HOOFD_515, 0.033811048, -0.0064031756, 0.04981731, -0.060735997, 0.05879081, 0.03048854, -0.019191518
145, 01_HOOFD_516, 0.035456106, -0.0068386453, 0.05594344, -0.07064421, 0.06697239, 0.03401212, -0.019701427
146, 01_HOOFD_516a, 0.051995534, -0.012569286, 0.070183896, -0.10270437, 0.087091126, 0.051097754, -0.023206124
147, 01_HOOFD_519, 0.037817266, -0.005402583, 0.056534745, -0.06824201, 0.06677868, 0.034908053, -0.016384503
148, 01_HOOFD_520, 0.03253639, -0.004689902, 0.048432056, -0.058794696, 0.05720813, 0.030064255, -0.014335315
149, 01_HOOFD_530, 0.043747585, -0.005761475, 0.06473299, -0.0784263, 0.0801705, 0.040011283, -0.018027931
150, 01_HOOFD_530a, 0.04975019, -0.010064202, 0.0760611, -0.09230707, 0.08055378, 0.045246467, -0.020184409
151, 01_HOOFD_530b, 0.050016798, -0.0045277374, 0.06681775, -0.08030345, 0.08770941, 0.043721944, -0.022640154
152, 01_HOOFD_532, 0.052554943, -0.007957504, 0.07733899, -0.091756165, 0.07509551, 0.04525516, -0.017164875
153, 01_HOOFD_540, 0.04655598, -0.009758786, 0.069495425, -0.087134995, 0.081408836, 0.04504327, -0.018744426
154, 01_HOOFD_550, 0.051315423, -0.010517171, 0.09755121, -0.06364291, 0.104920015, 0.06272836, -0.023056526
155, 01_HOOFD_570, 0.0764651, -0.007647915, 0.076728426, -0.08050331, 0.1130508, 0.06332005, -0.024633866
156, 01_HOOFD_580_1, 0.07109863, -0.006404458, 0.10605247, -0.10380916, 0.07385007, 0.031184204, -0.020553056
157, 01_HOOFD_580_2, 0.07967626, -0.0053916853, 0.111846626, -0.0660965, 0.10239493, 0.055274993, -0.022617415
158, 01_HOOFD_590, 0.05166924, -0.014053351, 0.06973304, -0.095077805, 0.0984099, 0.02168303, -0.022726197
159, 01_HOOFD_600_1, 0.042795047, -0.006522789, 0.12208962, -0.07238358, 0.07778921, 0.04988837, -0.019109447
160, 01_HOOFD_600_2, 0.06924336, -0.009227486, 0.06727906, -0.13940418, 0.06940886, 0.04470532, -0.022146117
161, 01_HOOFD_790, 0.0350988, 0.110202394, 0.05647992, -0.08058084, 0.09544315, 0.031661674, -0.0071062874
162, 01_HOOFD_800, 0.057806175, -0.0039437744, 0.07596699, -0.09884134, 0.085094005, 0.049551852, -0.020663679
163, 01_HOOFD_805, 0.039910875, 0.08571238, 0.063002855, -0.08506387, 0.09190018, 0.038134146, -0.01109475
164, 01_HOOFD_809, 0.04069786, -0.0074547143, 0.06715361, -0.07745769, 0.075911745, 0.040340744, -0.017883537
165, 01_HOOFD_809b, 0.05777626, -0.006272715, 0.080761544, -0.09355841, 0.074644245, 0.04620115, -0.022006352
166, 01_HOOFD_809c, 0.047793653, -0.0070813405, 0.07046933, -0.08497277, 0.079818025, 0.043609723, -0.02260823
167, 01_HOOFD_810, 0.035971224, 0.064903334, 0.054961767, -0.074533544, 0.082397655, 0.03203906, -0.011682579
168, 01_HOOFD_811, 0.06391841, -0.009864623, 0.08598644, -0.09887096, 0.098828614, 0.053267825, -0.025979517
169, 01_HOOFD_814, 0.051484365, -0.008358642, 0.07138268, -0.08625068, 0.081455655, 0.044254232, -0.023012899
170, 01_HOOFD_815, 0.05414366, -0.009914168, 0.06817507, -0.08515145, 0.0871276, 0.043790765, -0.020920519
171, 01_HOOFD_820, 0.04044638, 0.06865242, 0.060396854, -0.08134384, 0.08849182, 0.036267586, -0.0090373615
172, 02_DRZ_010, 0.036816575, -0.0051072333, 0.05405512, -0.070251584, 0.07022563, 0.033911582, -0.014544076
173, 02_DRZ_010_1, 0.06275954, -0.006269822, 0.07514862, -0.115418494, 0.06493625, 0.036682326, -0.02429609
174, 02_DRZ_010_2, 0.07943867, 0.0018672552, 0.09758956, -0.120636456, 0.06797118, 0.056339744, -0.019027105
175, 02_DRZ_020_0, 0.08741192, -0.0048318524, 0.08016951, -0.09842375, 0.07652768, 0.07699894, -0.021354595
176, 02_DRZ_020_1, 0.07072799, -0.0027716123, 0.06938193, -0.12385849, 0.08432674, 0.05496943, -0.02261777
177, 02_DRZ_020_2, 0.053588748, -0.0070739905, 0.082986616, -0.09495997, 0.07267432, 0.041435923, -0.019608313
178, 02_DRZ_030, 0.048982497, -0.005263614, 0.101021335, -0.08619637, 0.071528554, 0.04104201, -0.020395435
179, 02_DRZ_030_0, 0.04821575, -0.014847995, 0.0832037, -0.13284056, 0.09687455, 0.022922384, -0.02514032
180, 02_DRZ_030_1, 0.058243413, -0.011133943, 0.081826955, -0.080482334, 0.09823278, 0.044022843, -0.022947818
181, 02_DRZ_030_2, 0.060159348, -0.008367331, 0.1051128, -0.089581385, 0.08880761, 0.054872405, -0.022067295
182, 02_DRZ_035, 0.070214696, -0.0072145183, 0.06625651, -0.11098374, 0.082208, 0.05238563, -0.02213685
183, 02_DRZ_045, 0.061465967, -0.007870075, 0.07544518, -0.10515504, 0.07399165, 0.0489217, -0.018657291
184, 03_GBH_005, 0.04310357, -0.0054586194, 0.06437492, -0.07770383, 0.07352985, 0.039681923, -0.017618775
185, 03_VD_060_0, 0.0447314, -0.010871785, 0.07211129, -0.09159654, 0.08103235, 0.043528397, -0.021449512
186, 04_BPT_005, 0.03092592, -0.0005625992, 0.046577405, -0.058004603, 0.059306413, 0.028226066, -0.014500889
187, 04_BPT_009, 0.053997394, -0.010323537, 0.06871282, -0.091217734, 0.09114052, 0.04838699, -0.025381507
188, 04_BPT_010, 0.04150226, -0.0075190486, 0.063944034, -0.078275636, 0.0735026, 0.03992019, -0.02042155
189, 04_BPT_020, 0.044265404, -0.006751184, 0.06527348, -0.07738177, 0.07396459, 0.03978333, -0.018422121
190, 04_BPT_021, 0.042735174, -0.0070397463, 0.061651923, -0.076406784, 0.06615326, 0.039042443, -0.016940797
191, 04_BPT_029, 0.054536358, -0.008172377, 0.074462436, -0.103875734, 0.08156197, 0.048638966, -0.027711015
192, 04_BPT_030, 0.03554136, -0.006053583, 0.052715182, -0.060766377, 0.060697585, 0.033645835, -0.014716352
193, 04_BPT_040, 0.05631457, -0.010538571, 0.07891, -0.09147177, 0.07958454, 0.047996048, -0.018574262
194, 04_BPT_041, 0.040858258, -0.007932713, 0.074398845, -0.0962103, 0.07385454, 0.05450196, -0.019818185
195, 04_BPT_050, 0.061968494, -0.008076733, 0.08769036, -0.10585717, 0.08427395, 0.04229184, -0.022469113
196, 04_BPT_060, 0.055694375, -0.007992284, 0.08246103, -0.09425474, 0.080025114, 0.052028254, -0.0207226
197, 05_EIND_010, 0.04221693, -0.004145874, 0.06087352, -0.07333981, 0.07305226, 0.03746806, -0.017873265
198, 05_EIND_011, 0.06922595, -0.0062084477, 0.07587342, -0.086253345, 0.075534, 0.04057077, -0.018765172
199, 05_EIND_020, 0.05449517, -0.009347207, 0.07741173, -0.09685776, 0.090891495, 0.04877773, -0.022460805
200, 05_EIND_020_0, 0.061303448, -0.0046742097, 0.1008936, -0.102291845, 0.06462884, 0.052704033, -0.018020233
201, 05_EIND_025, 0.0701493, -0.00863193, 0.08085182, -0.10145998, 0.0916774, 0.053116713, -0.020541428
202, 05_EIND_030_0, 0.068133354, -0.011096133, 0.09276256, -0.101408176, 0.100166, 0.05509376, -0.021978283
203, 05_EIND_030_1, 0.054110117, -0.0050603417, 0.08101874, -0.09798173, 0.09038171, 0.047690704, -0.023987735
204, 05_EIND_030_2, 0.04707103, -0.008268853, 0.0689855, -0.085698515, 0.079645276, 0.04379908, -0.020866254
205, 05_EIND_040, 0.057782136, -0.013186422, 0.08410794, -0.124118954, 0.1064392, 0.060953267, -0.027405433
206, 05_EIND_050, 0.052273553, -0.010759287, 0.07071871, -0.092848584, 0.08306782, 0.048757, -0.021261826
207, 05_EIND_060, 0.08173003, -0.01239002, 0.088022284, -0.13336818, 0.10396259, 0.05981691, -0.025940822
208, 05_EIND_065, 0.062312797, -0.008669949, 0.08794395, -0.09946992, 0.09588123, 0.05272831, -0.023078354
209, 05_EIND_070, 0.048995003, -0.0069246716, 0.090091825, -0.0863165, 0.0859974, 0.050775524, -0.020961132
210, 06_VD_010, 0.038926877, -0.0060034133, 0.05893717, -0.07029068, 0.06973788, 0.036126282, -0.016945504
211, 06_VD_020, 0.048342615, -0.007917103, 0.06991149, -0.08504506, 0.07922523, 0.04350632, -0.019810082
212, 06_VD_020_1, 0.06402822, -0.01107735, 0.08575308, -0.09847721, 0.09262557, 0.052065488, -0.026002852
213, 06_VD_020_2, 0.03451001, -0.00832867, 0.07359269, -0.0844112, 0.07824788, 0.05555556, -0.024903074
214, 06_VD_030, 0.051163837, -0.010126485, 0.07824336, -0.102576144, 0.085042626, 0.051093947, -0.022191772
215, 06_VD_030_1, 0.055065237, -0.004471319, 0.08112824, -0.10241846, 0.09491234, 0.050703775, -0.022825701
216, 06_VD_030_1a, 0.055104915, -0.005206707, 0.08223234, -0.10270413, 0.09489078, 0.050024137, -0.024508046
217, 06_VD_030_2, 0.039170712, -0.0051727346, 0.05804364, -0.07264664, 0.06829625, 0.036163345, -0.016896486
218, 06_VD_030_3, 0.04576678, -0.0015201364, 0.067279026, -0.08753619, 0.07713666, 0.043337774, -0.020489514
219, 06_VD_030_3a, 0.0554033, -0.006996968, 0.08394422, -0.08864688, 0.0750653, 0.047939077, -0.0213761
220, 06_VD_030_4, 0.048886575, -0.009151131, 0.08203523, -0.09510328, 0.07807442, 0.0431264, -0.021899734
221, 06_VD_030_5, 0.056951795, -0.008327446, 0.08691907, -0.10422351, 0.07968027, 0.049730092, -0.021256292
222, 06_VD_030_5a, 0.048054796, -0.006568092, 0.068751745, -0.08684387, 0.074261844, 0.0444684, -0.018966137
223, 06_VD_035, 0.045746274, -0.00875169, 0.07372066, -0.08570478, 0.07505073, 0.042357557, -0.021448124
224, 06_VD_040, 0.05611405, -0.005136846, 0.080781855, -0.095118046, 0.083090335, 0.049240507, -0.0210942
225, 06_VD_050, 0.055435915, -0.00995606, 0.08099449, -0.08204017, 0.07811496, 0.043581404, -0.021918543
226, 06_VD_060, 0.0397565, -0.0073399968, 0.059819505, -0.078121416, 0.070994064, 0.04065025, -0.017331453
227, 06_VD_060_1, 0.05817693, -0.011299497, 0.08639443, -0.10923914, 0.10201837, 0.054100353, -0.024582025
228, 06_VD_060_2, 0.05541893, -0.007872098, 0.07643868, -0.09896669, 0.086247675, 0.050174456, -0.023551052
229, 06_VD_060_2a, 0.045631055, -0.008065025, 0.06762084, -0.0842652, 0.076843254, 0.04364734, -0.019813748
230, 06_VD_060_3, 0.054356992, -0.00731967, 0.08307784, -0.097396225, 0.08593266, 0.049162474, -0.021167293
231, 06_VD_060_4, 0.054017704, -0.0109374365, 0.07768894, -0.09546875, 0.095155776, 0.050843585, -0.026659457
232, 06_VD_070, 0.055360083, -0.008408459, 0.0837593, -0.099393345, 0.089049235, 0.050977748, -0.025031695
233, 06_VD_100, 0.058934662, -0.010685167, 0.074583605, -0.089850664, 0.081617475, 0.04281471, -0.021226142
234, 06_VD_140, 0.06160727, -0.008046456, 0.09039574, -0.09959153, 0.08447924, 0.053056557, -0.022103753
235, 07_OPS_010, 0.045236006, -0.008845711, 0.06322078, -0.07801995, 0.075001, 0.04150535, -0.018843153
236, 07_OPS_020, 0.043947533, -0.0058895126, 0.05383268, -0.119999826, 0.08669787, 0.040776063, -0.022453725
237, 07_OPS_050, 0.056217577, -0.014958199, 0.067379475, -0.10874536, 0.10572835, 0.051900692, -0.023084754
238, 07_OPS_051, 0.028816996, -0.015384365, 0.093229115, -0.13237108, 0.10716615, 0.060974993, -0.027855
239, 07_OPS_055, 0.07050209, -0.0052836128, 0.085185885, -0.1127787, 0.06520973, 0.05105926, -0.019202583
240, 07_OPS_060_0, 0.05289, -0.008342844, 0.08712143, -0.0722446, 0.0865753, 0.05190697, -0.019980058
241, 07_OPS_060_1, 0.0660977, -0.0030849904, 0.101235904, -0.12555675, 0.05626069, 0.052689414, -0.01922475
242, 07_OPS_060_2, 0.06857303, -0.0097862715, 0.09279118, -0.07107561, 0.08988536, 0.049057003, -0.021305516
243, 07_OPS_070, 0.058488272, -0.006690016, 0.08587894, -0.108359545, 0.060609844, 0.049042, -0.0155522935
244, 07_OPS_071, 0.052626453, -0.00870006, 0.08980456, -0.11141025, 0.07490141, 0.046974882, -0.021164592
245, 07_OPS_075, 0.051793385, -0.0048810905, 0.08720279, -0.102922335, 0.06835789, 0.063354135, -0.021257607
246, 07_OPS_080_0, 0.05509849, -0.0058946265, 0.09296854, -0.10375735, 0.06235845, 0.046763293, -0.016546888
247, 07_OPS_080_1, 0.06976087, -0.008764179, 0.06218141, -0.1290965, 0.080194905, 0.057842437, -0.022990625
248, 07_OPS_080_2, 0.059063394, -0.009529566, 0.05848852, -0.11122461, 0.101163365, 0.0526711, -0.025319466
249, 08_AWB45_005, 0.03612486, 0.058773737, 0.055268545, -0.07398075, 0.08036336, 0.033468578, -0.011623874
250, 08_AWB45_010, 0.042125035, 0.06851177, 0.0620036, -0.08283746, 0.089466944, 0.03885634, -0.010794157
251, 08_AWB45_020_0, 0.0392637, 0.07840645, 0.059642103, -0.08131422, 0.08984709, 0.035498373, -0.010166243
252, 08_AWB45_020_1, 0.032868933, 0.046839867, 0.050402433, -0.0669358, 0.07176067, 0.031031983, -0.007875383
253, 08_AWB45_020_2, 0.05349146, -0.01200824, 0.07567937, -0.09286015, 0.08531579, 0.04711349, -0.018958386
254, 08_AWB45_025, 0.04676585, -0.0070222165, 0.067789614, -0.08352866, 0.075747915, 0.042754505, -0.018849643
255, 08_AWB45_030, 0.03581827, 0.05204359, 0.0571513, -0.07586022, 0.083323136, 0.03369707, -0.012994688
256, 08_AWB45_040, 0.031918466, 0.05510852, 0.051893484, -0.06978904, 0.07797041, 0.029586963, -0.011968822
257, 08_AWB45_045, 0.035591062, 0.062303312, 0.05502022, -0.07489643, 0.08322564, 0.03220168, -0.009274374
258, 08_AWB45_050, 0.056228265, -0.013047681, 0.06309438, -0.10936996, 0.09479759, 0.04401957, -0.027470766
259, 08_AWB45_051_0, 0.04482184, 0.072602086, 0.06960975, -0.0942585, 0.1043581, 0.04080886, -0.011952287
260, 08_AWB45_051_1, 0.029949544, 0.08418553, 0.047961555, -0.06933394, 0.08019101, 0.027560992, -0.0052505755
261, 08_AWB45_051_2, 0.032414906, 0.123989545, 0.054656543, -0.08280372, 0.102592096, 0.028856525, -0.005533567
262, 08_AWB45_052, 0.07231993, -0.0057499395, 0.10618932, -0.08054312, 0.10391896, 0.053747863, -0.023540784
263, 08_AWB45_060, 0.0468667, -0.007489368, 0.06650093, -0.08390571, 0.07620752, 0.04346398, -0.020112952
264, 08_AWB45_070_1, 0.037780434, -0.00723776, 0.061116632, -0.07456152, 0.06321047, 0.0389019, -0.016325848
265, 08_AWB45_070_1a, 0.06815796, -0.007248351, 0.094436824, -0.10923224, 0.08513259, 0.058929354, -0.024940018
266, 08_AWB45_070_2, 0.067194805, -0.0062307366, 0.09941966, -0.108584814, 0.08313894, 0.056823082, -0.022752276
267, 08_AWB45_070_3, 0.048745923, -0.007138693, 0.079918444, -0.0721743, 0.06563242, 0.035364714, -0.016705282
268, 08_AWB45_070_3a, 0.07201277, -0.0016220652, 0.09837185, -0.123789325, 0.07436321, 0.045427185, -0.021234896
269, 08_AWB45_070_4, 0.075608656, -0.011170844, 0.09489606, -0.13096295, 0.117211565, 0.06499041, -0.034674056
270, 08_AWB45_070_5, 0.06668625, -0.0034394334, 0.1010603, -0.11596646, 0.10307149, 0.04788288, -0.02399929
271, 08_AWB45_070_5a, 0.052563775, -0.0076453346, 0.0887047, -0.09837596, 0.071726464, 0.05741439, -0.021093365
272, 08_AWB45_075, 0.050684545, -0.01064873, 0.0851661, -0.10420671, 0.08396196, 0.051650237, -0.022237161
273, 08_AWB45_080, 0.06005674, -0.005685554, 0.09366392, -0.111710876, 0.06285746, 0.042691067, -0.018956006
274, 08_AWB45_090_0, 0.057440795, -0.0106474245, 0.085737854, -0.104487106, 0.08893311, 0.0534922, -0.026405731
275, 08_AWB45_090_1, 0.04838551, -0.008581493, 0.06989064, -0.08061873, 0.069919236, 0.045374356, -0.01756793
276, 08_AWB45_090_2, 0.057013158, -0.008033227, 0.09163706, -0.10282837, 0.086011685, 0.052168716, -0.02289646
277, 08_AWB45_090_2a, 0.07320453, -0.007032525, 0.100211956, -0.10858335, 0.08635968, 0.055620577, -0.025466714
278, 08_AWB45_090_3, 0.05669828, -0.008218085, 0.088316254, -0.1060639, 0.08761605, 0.053472314, -0.022575805
279, 08_AWB45_090_4, 0.055777833, -0.011869722, 0.07868217, -0.107681714, 0.09333927, 0.031090457, -0.023513464
280, 08_AWB45_110, 0.063428484, -0.010368746, 0.10221704, -0.10387806, 0.093884446, 0.053511202, -0.022321949
281, 08_AWB45_150, 0.06625185, -0.0076258834, 0.10615326, -0.11895217, 0.077967376, 0.048558004, -0.022159208
282, 08_AWB45_170, 0.04195612, -0.0045612017, 0.06282582, -0.068845615, 0.07128246, 0.03878415, -0.01675031
283, 08_AWB45_175, 0.060811333, -0.009170309, 0.093663074, -0.077450804, 0.092594944, 0.047712542, -0.021128029
284, 08_AWB45_180, 0.06597204, -0.0017826017, 0.09546838, -0.09360539, 0.08849852, 0.052377764, -0.020407163
285, 08_AWB45_WAW_010, 0.07835329, -0.003809071, 0.12557346, -0.13321003, 0.06530093, 0.053603567, -0.02357148
286, 09_AH_I_010, 0.044183757, -0.0018591457, 0.066214584, -0.08387448, 0.0843694, 0.03991142, -0.022836773
287, 09_AH_I_020, 0.055471167, -0.008520674, 0.08877854, -0.09790695, 0.08037006, 0.050455216, -0.020164765
288, 09_AH_I_030, 0.05067989, -0.013294623, 0.07416841, -0.07229493, 0.11103728, 0.06418063, -0.024590809
289, 09_AH_I_040, 0.05677777, -0.013018504, 0.074125186, -0.098113, 0.09728568, 0.050399993, -0.023360176
290, 09_AWB45_005, 0.05471703, -0.009093008, 0.08114167, -0.099413946, 0.09073765, 0.050200354, -0.024373215
291, 10_UOV_010, 0.043772165, -0.009134215, 0.06563177, -0.08078104, 0.074670516, 0.042859055, -0.015894214
292, 10_UOV_020, 0.061466955, -0.011326206, 0.072023064, -0.11093673, 0.090485364, 0.059864443, -0.024546878
293, 10_UOV_030, 0.041411046, -0.0024156016, 0.061683152, -0.077126615, 0.08159024, 0.03830939, -0.015584533
294, 10_UOV_030a, 0.053952176, -0.00649446, 0.083115876, -0.08571534, 0.072302885, 0.048357476, -0.0171815
295, 10_UOV_031, 0.058318276, -0.0062798727, 0.102186635, -0.101606615, 0.071214154, 0.052820038, -0.024888655
296, 10_UOV_035, 0.0593551, -0.00885667, 0.08403996, -0.10370422, 0.08644625, 0.05346028, -0.021176761
297, 10_UOV_039, 0.044991948, -0.009868055, 0.066381976, -0.08707392, 0.084390946, 0.045199156, -0.018175915
298, 10_UOV_040, 0.04405461, -0.0018935648, 0.06877827, -0.08406355, 0.077787735, 0.041560795, -0.018652081
299, 10_UOV_041b, 0.055421315, -0.006615469, 0.0771911, -0.099036716, 0.08358345, 0.047476206, -0.021614408
300, 10_UOV_045, 0.048477482, -0.009343232, 0.060761213, -0.08517302, 0.07883012, 0.049727567, -0.018399185
301, 10_UOV_050_0, 0.05893769, -0.009838436, 0.08434669, -0.094828136, 0.09596824, 0.053968757, -0.024240466
302, 10_UOV_050_1, 0.055343807, -0.0093812635, 0.07696211, -0.094426766, 0.08521502, 0.049570892, -0.022803608
303, 10_UOV_050_2, 0.044129796, -0.009877736, 0.06244082, -0.08135326, 0.075391404, 0.0417654, -0.01635372
304, 10_UOV_050_2a, 0.05869564, -0.0105591435, 0.08078264, -0.09692371, 0.08990192, 0.04507665, -0.022750447
305, 10_UOV_050_3, 0.049010944, -0.008501512, 0.076387174, -0.08854107, 0.07882416, 0.047471903, -0.020270042
306, 10_UOV_050_4, 0.041862544, -0.0058129174, 0.074545875, -0.09297087, 0.080617554, 0.045842227, -0.019939398
307, 10_UOV_055, 0.07746861, -0.010292772, 0.11160762, -0.10098269, 0.10779605, 0.05695383, -0.02811117
308, 10_UOV_060, 0.045844268, -0.0076502967, 0.06886421, -0.07603729, 0.07097478, 0.040066507, -0.021890068
309, 10_UOV_061, 0.05783905, -0.010529355, 0.06617541, -0.1074244, 0.093587466, 0.051124237, -0.030078879
310, 10_UOV_065, 0.052837323, -0.006521322, 0.08138484, -0.09736738, 0.06795771, 0.046970855, -0.018568339
311, 10_UOV_066, 0.06128963, -0.0053850757, 0.091630764, -0.07696745, 0.07413136, 0.05140774, -0.019028945
312, 10_UOV_070, 0.057632647, -0.0069279284, 0.07701318, -0.101968005, 0.06921626, 0.057709567, -0.022144707
313, 10_UOV_080, 0.057438154, -0.004800775, 0.0759588, -0.101621725, 0.075964555, 0.04997394, -0.018837666
314, 10_UOV_100, 0.06313733, -0.007741385, 0.09245392, -0.11064755, 0.0847468, 0.053846605, -0.024899058
315, 10_UOV_120, 0.055848196, -0.008620326, 0.072246544, -0.10141633, 0.08410252, 0.045864765, -0.02465513
316, 10_UOV_140, 0.0594978, -0.010503611, 0.053765975, -0.09632326, 0.09512205, 0.05352744, -0.027648078
317, 10_UOV_150, 0.055320118, -0.007055321, 0.09964183, -0.11436831, 0.0742712, 0.045674767, -0.020857938
318, 10_UOV_160, 0.06943146, -0.0084363455, 0.081230395, -0.12287994, 0.084105514, 0.054373477, -0.02570753
319, 10_UOV_170, 0.046444625, -0.007122921, 0.09261031, -0.07968103, 0.07515574, 0.045449037, -0.01885595
320, 10_UOV_180, 0.05787809, -0.010609701, 0.07906633, -0.10368006, 0.09013399, 0.05036855, -0.022669693
321, 10_UOV_190, 0.04772389, -0.015901301, 0.06672051, -0.083314456, 0.11425761, 0.04162701, -0.02390321
322, 10_UOV_190_1, 0.052781127, -0.008103126, 0.07413506, -0.10416653, 0.07147025, 0.04779972, -0.020026423
323, 10_UOV_190_2, 0.05248169, -0.007867018, 0.086170405, -0.100388594, 0.07185513, 0.04980356, -0.019816713
324, 10_UOV_200, 0.07300029, -0.0038860238, 0.088490896, -0.08086284, 0.078262664, 0.099260904, -0.020193702
325, 10_UOV_210, 0.05324312, -0.009518341, 0.06927272, -0.10217125, 0.085018575, 0.05196665, -0.022532417
326, 11_AH_II_010, 0.04844623, -0.009287354, 0.07209696, -0.091011375, 0.08450627, 0.044568338, -0.021500953
327, 11_AH_II_020, 0.048312355, -0.006602804, 0.07325082, -0.090588674, 0.0702609, 0.044726867, -0.018368296
328, 11_AH_II_020_1, 0.065458596, -0.006692425, 0.08950588, -0.10948484, 0.071659245, 0.05840783, -0.020285146
329, 11_AH_II_020_2, 0.051561754, -0.010539986, 0.074145585, -0.09856904, 0.089844406, 0.055586174, -0.022735333
330, 11_AH_II_030, 0.05396983, -0.01045841, 0.07626844, -0.10122026, 0.09391914, 0.049242493, -0.02305165
331, 11_AH_II_035, 0.048042733, -0.008027733, 0.07043432, -0.08143788, 0.07479686, 0.043186598, -0.019454565
332, 11_AH_II_036, 0.049743615, -0.007445646, 0.080627084, -0.09614447, 0.078419544, 0.047942065, -0.025259413
333, 11_AH_II_037_1, 0.05910237, -0.010551849, 0.078876235, -0.103808105, 0.09111538, 0.050497618, -0.0262506
334, 11_AH_II_037_2, 0.050110083, -0.008092997, 0.070234865, -0.08809393, 0.080073945, 0.047523584, -0.02037157
335, 11_AH_II_037_3, 0.061570294, -0.0043937983, 0.08370241, -0.109485045, 0.059125647, 0.060625535, -0.018098611
336, 11_AH_II_040, 0.04428031, -0.010045232, 0.070403166, -0.09836428, 0.08791418, 0.049020763, -0.022407487
337, 11_AH_II_040_d, 0.063407384, -0.007996121, 0.10049301, -0.11063497, 0.088465534, 0.050691206, -0.022110518
338, 11_AH_II_040a, 0.053451337, -0.0077122007, 0.072849356, -0.09608466, 0.07299625, 0.04681502, -0.019788109
339, 11_AH_II_040b, 0.056684352, -0.008254365, 0.08041135, -0.09336986, 0.08187467, 0.050836816, -0.020779632
340, 11_AH_II_040c, 0.054697827, -0.006421069, 0.05648461, -0.09310638, 0.06798894, 0.036984783, -0.020149622
341, 11_AH_II_050, 0.063904084, -0.00572621, 0.078795865, -0.113786265, 0.066221066, 0.051489078, -0.01973538
342, 11_AH_II_055, 0.06419409, -0.0024287945, 0.078311466, -0.1182035, 0.07699063, 0.05530022, -0.02000659
343, 11_AH_II_070, 0.06470013, -0.0012350589, 0.09733276, -0.11655933, 0.080607496, 0.053979523, -0.020441728
344, 11_AH_II_070_1, 0.061578494, -0.008373376, 0.083266295, -0.0995318, 0.08093933, 0.051451094, -0.021548955
345, 11_AH_II_070_2, 0.050560813, -0.007311471, 0.07020666, -0.09257906, 0.07348316, 0.04242815, -0.019377412
346, 11_AH_II_070_3, 0.05978281, -0.011330241, 0.08319037, -0.09074888, 0.098001435, 0.04713954, -0.023488106
347, 11_AH_II_070_3a, 0.05065461, -0.0051867943, 0.07288122, -0.08733133, 0.072522834, 0.045669682, -0.021031294
348, 11_AH_II_080, 0.086272895, -0.013907879, 0.057329133, -0.11483726, 0.10866391, 0.0439029, -0.027528137
349, 11_AH_II_080_1, 0.080623776, -0.008441285, 0.0775936, -0.07055244, 0.100837894, 0.07380917, -0.026407877
350, 11_AH_II_080_2, 0.044574644, -0.007540763, 0.10382002, -0.08917596, 0.09695246, 0.037126582, -0.022132017
351, 11_AH_II_100, 0.06380414, -0.0109248515, 0.06855611, -0.10439837, 0.09087312, 0.061262198, -0.020995189
352, 11_AH_II_110, 0.0271983, -0.0059710112, 0.103399545, -0.12850578, 0.059266683, 0.051323723, -0.017927194
353, 11_AH_II_130, 0.05550469, -0.009569785, 0.07482903, -0.09602959, 0.07513922, 0.049756434, -0.020315126
354, 11_AH_II_140, 0.049457043, -0.008439669, 0.06895181, -0.08042543, 0.077332474, 0.042873975, -0.018290535
355, 11_AH_II_145, 0.04701627, -0.008313367, 0.07939686, -0.10021511, 0.07565819, 0.050050925, -0.023152294
356, 12_AP_010, 0.056359, -0.012562375, 0.07545306, -0.11458152, 0.099577256, 0.053042635, -0.025903834
357, 12_AP_011, 0.07533601, 0.0009538813, 0.093677945, -0.10932918, 0.080117755, 0.05791972, -0.021377804
358, 12_AP_020_0, 0.05293568, -0.0050864597, 0.10449101, -0.12864144, 0.055858735, 0.03697455, -0.018495513
359, 12_AP_020_1, 0.06503473, -0.0073678745, 0.0972362, -0.09930382, 0.06948653, 0.053337604, -0.018409912
360, 12_AP_020_2, 0.050719988, -0.007345757, 0.097134985, -0.071637735, 0.07883969, 0.04662111, -0.018661054
361, 12_AP_025, 0.075152494, -0.008792271, 0.06895633, -0.13733102, 0.073805034, 0.045317955, -0.022582173
362, 12_AP_030, 0.05214766, -0.0071153496, 0.0910102, -0.110929765, 0.07022342, 0.046550937, -0.020494679
363, 12_AP_040, 0.07701788, -0.0034482896, 0.08715296, -0.057595734, 0.07299851, 0.06084958, -0.018758671
364, 12_AP_050, 0.051374648, -0.0042479285, 0.06641627, -0.09307036, 0.054730885, 0.059764683, -0.016736334
365, 12_AP_055, 0.059026487, -0.00044645858, 0.09751351, -0.11032743, 0.062384978, 0.048261326, -0.018346751
366, 12_AP_060, 0.06294873, -0.008520522, 0.08703623, -0.11641206, 0.07618447, 0.039873604, -0.019865107
367, 12_AP_UOV_010, 0.06333393, -0.007096189, 0.0699872, -0.09501156, 0.07390457, 0.03995909, -0.020748744
368, 12_AP_UOV_011, 0.054587346, -0.0013690969, 0.10359429, -0.102779634, 0.050486118, 0.075439595, -0.016504357
369, 12_AP_UOV_020_1, 0.06666394, -0.006167941, 0.09976064, -0.055682514, 0.08763488, 0.086496495, -0.020415885
370, 12_AP_UOV_020_2, 0.054204, -0.01678302, 0.058783267, -0.112665124, 0.12043882, 0.06065521, -0.029056171
371, 12_AP_UOV_030, 0.06991595, -0.0047877072, 0.10566969, -0.06249488, 0.07763779, 0.055289924, -0.018028915
372, 12_AP_UOV_050, 0.06694512, -0.00096601876, 0.08808648, -0.10250946, 0.04461363, 0.060222734, -0.015952766
373, 13_CRD_010, 0.036498018, -0.0056295833, 0.053192314, -0.06704956, 0.06546344, 0.033754993, -0.015307182
374, 13_CRD_020, 0.065943345, -0.0031276434, 0.091108, -0.11910132, 0.10150208, 0.057211924, -0.02738681
375, 13_CRD_030_0, 0.06261576, -0.009450656, 0.11589558, -0.10824195, 0.09017278, 0.037057362, -0.02301907
376, 14_VRIJ_010, 0.047632325, -0.007765445, 0.07153552, -0.08982643, 0.08096751, 0.043335136, -0.020292494
377, 14_VRIJ_011, 0.07940981, -0.0077584474, 0.05641373, -0.121531196, 0.07490035, 0.06607856, -0.023976985
378, 14_VRIJ_015, 0.08094306, -0.008910013, 0.06722629, -0.13025424, 0.06356151, 0.0035004073, -0.020759461
379, 14_VRIJ_020_0, 0.065782554, -0.011585449, 0.08004313, -0.12755078, 0.08435379, 0.0104156025, -0.024349513
380, 14_VRIJ_030_1, 0.08064544, -0.007843205, 0.043247882, -0.109311186, 0.07700807, 0.056444336, -0.020983258
381, 14_VRIJ_030_1a, 0.04754291, -0.008810189, 0.07543977, -0.12432813, 0.067928895, 0.02819825, -0.020008227
382, 14_VRIJ_030_2, 0.090331905, -0.008141544, 0.101381324, -0.06161109, 0.11269579, 0.084530406, -0.027330797
383, 14_VRIJ_030_4, 0.09364638, -0.007866411, 0.054026827, -0.1444575, 0.07693321, 0.07154803, -0.024548884
384, 14_VRIJ_030_5, 0.06815331, -0.0016032349, 0.089446485, -0.09766089, 0.057982154, 0.07195386, -0.017962543
385, 14_VRIJ_030_5a, 0.08309622, -0.0043710675, 0.07974242, -0.14094634, 0.059028763, 0.07494015, -0.020414114
386, 14_VRIJ_035, 0.06636969, -0.0069711423, 0.11750867, -0.09117455, 0.06988977, 0.03216134, -0.01821778
387, 14_VRIJ_055, 0.073332414, -0.0076697078, 0.12904826, -0.07199211, 0.09672271, 0.044770453, -0.021965286
388, 14_VRIJ_060_0, 0.07081956, -0.0071709733, 0.103122644, -0.06582384, 0.081621125, 0.034779932, -0.016509835
389, 14_VRIJ_060_2, 0.054150242, -0.008925941, 0.11216921, -0.048891492, 0.09947179, 0.057306062, -0.02129032
390, 14_VRIJ_060_2a, 0.06703825, 0.0064773546, 0.112911604, -0.12727639, 0.0583117, 0.059469394, -0.021154108
391, 14_VRIJ_060_3, 0.05849233, -0.000804342, 0.078535184, -0.11758615, 0.039623756, 0.063094474, -0.016231539
392, 14_VRIJ_110, 0.08662614, -0.0044953777, 0.08565973, -0.1183506, 0.06556214, 0.06261542, -0.020842433
393, 14_VRIJ_150, 0.04200187, -0.016096985, 0.08244214, -0.07546852, 0.12011968, 0.039440267, -0.026426006
394, 14_VRIJ_170, 0.048413582, -0.0005770181, 0.10047806, -0.072751105, 0.07860277, 0.072025575, -0.020635862
395, 14_VRIJ_175, 0.06979528, 0.002085631, 0.11038547, -0.12536356, 0.043381866, 0.044784654, -0.016795417
396, 15_NGV_010, 0.05474609, -0.008727607, 0.076434135, -0.083624676, 0.081543624, 0.046960007, -0.020051531
397, 16_LGSV_010, 0.0586555, -0.008205157, 0.084276326, -0.12707928, 0.0731024, 0.043963306, -0.021839939
398, 99_NOCODE_04, 0.054698784, -0.0053321137, 0.07851584, -0.12024769, 0.060590032, 0.07183558, -0.019558497
399, end, -0.008212204, 0.022266634, 0.03708393, -0.013708385, -0.09637382, 0.11194451, 0.014753675
