0, start, 0.067814514, -0.024146557, 0.0023877458, 0.01832428, 0.011993966
1, Change Version, -0.06565262, 0.024787683, -0.0008768779, -0.017135337, -0.011161019
2, Final Inspection, -0.056003913, 0.024079198, 0.0055215317, -0.02078812, -0.013524072
3, Final Inspection Q.C., -0.009164663, -0.026032828, -0.0070741037, 0.038495496, 0.046282757
4, Fix, 0.015735919, 0.0095238425, 0.07501108, -0.013630519, 0.012126655
5, Flat Grinding, -0.020869665, -0.0011840703, 0.013676491, -0.0053797523, 0.06036727
6, Grinding Rework, -0.0046903677, 0.0087334, 0.03593219, -0.015110762, 0.02236609
7, Lapping, -0.016704043, 0.0005060672, 0.013807678, -0.012260859, 0.064717844
8, Laser Marking, -0.014583257, -4.7595673e-05, 0.014889114, -0.009084298, 0.05607462
9, Milling, 0.03874474, -0.023083044, 0.03083786, 0.016595395, 0.023222812
10, Milling Q.C., 0.029454008, -0.021548718, -0.012684844, 0.022475312, 0.017430076
11, Nitration Q.C., 0.061003566, -0.039459966, -0.016096627, 0.040989533, 0.032059632
12, Packing, -0.05158395, -0.018690582, 0.02517807, 0.06977843, -0.0043522655
13, Rework Milling, 0.05793356, -0.02129511, 0.0019407807, 0.0155281555, 0.009980761
14, Round  Q.C., -0.09258508, 0.03329631, 7.363365e-05, -0.024626318, -0.0143153565
15, Round Grinding, -0.013225414, -0.007968001, 0.03870296, 0.008295521, 0.06338319
16, SETUP     Turning & Milling, 0.042107444, 8.786085e-05, 0.07794029, -0.0068899104, 0.015204339
17, Setup, -0.05606605, 0.020717049, 0.004472709, -0.015592462, -0.008646297
18, Stress Relief, -0.070966266, 0.03465851, 0.034097295, -0.027621858, -0.008542028
19, Turn & Mill. & Screw Assem, 0.025152907, -0.0012987785, 0.07389078, -8.317672e-05, 0.0285287
20, Turning, 0.0048123505, 0.0028217763, 0.06901704, -0.012475216, 0.019749744
21, Turning & Milling, -0.0021435353, -0.005029594, 0.058951464, 0.0063741677, 0.042945832
22, Turning & Milling Q.C., -0.010815013, -0.034398165, -0.0012748513, 0.050531775, 0.06624929
23, Turning Q.C., 0.0042383084, -0.019778982, -0.012886914, 0.027113369, 0.025460003
24, Turning Rework, -0.05560854, 0.020877648, -0.0009805007, -0.015545513, -0.008713943
25, end, -0.087659016, 0.031226564, -0.002274533, -0.02331108, -0.014893039
