0, start, 0.031433735, -0.02210946, 0.025661997, -0.010711351, 0.045412812
1, Change Version, -0.035058357, 0.027093649, -0.029172806, 0.012480347, -0.05527983
2, Final Inspection, -0.014548448, 0.017355777, -0.026093116, 0.017596971, -0.06091425
3, Final Inspection Q.C., 0.034736514, 0.0015013405, -0.0046910467, 0.027630521, -0.060278602
4, Fix, -0.033453174, 0.06423363, -0.014276433, 0.019241674, -0.017704366
5, Flat Grinding, 0.02173953, -0.008814782, 0.05543308, 0.03584301, -0.014668794
6, Grinding Rework, 0.015593025, -0.011418941, 0.072308734, 0.027808601, 0.018071625
7, Lapping, 0.013552425, 0.016823705, 0.058398813, 0.03979021, -0.00921463
8, Laser Marking, 0.0051107444, 0.017780395, 0.036057524, 0.026714025, -0.0053175287
9, Milling, -0.009004495, -0.026693275, -0.013285717, 0.013073464, -0.052299753
10, Milling Q.C., -0.014874277, 0.018308328, -0.029058639, 0.020190185, -0.06878356
11, Nitration Q.C., -0.009984336, 0.015935848, -0.025913898, 0.019437531, -0.06439304
12, Packing, 0.04517466, 0.00907625, -0.014180444, 0.00737115, -0.0037640247
13, Rework Milling, -0.03726495, 0.025681028, -0.03093364, 0.014384262, -0.057379045
14, Round  Q.C., 0.02960701, -0.026480101, 0.03550068, -0.01980121, 0.07314265
15, Round Grinding, 0.026539871, 0.0030483492, 0.06338473, 0.049947646, -0.035644386
16, SETUP     Turning & Milling, -0.04577976, 0.08309549, -0.02630746, 0.021673195, -0.02697574
17, Setup, -0.038506553, 0.06330573, -0.023433652, 0.017668815, -0.026594605
18, Stress Relief, 0.04974741, -0.06288657, 0.03411375, -0.019796893, 0.050622497
19, Turn & Mill. & Screw Assem, -0.037501853, 0.09108506, -0.013606776, 0.018807555, -0.000708027
20, Turning, -0.019261476, 0.07018236, -0.007382799, 0.019248994, 0.012413007
21, Turning & Milling, -0.010113226, 0.06921153, 0.009756833, 0.022281691, 0.008369623
22, Turning & Milling Q.C., 0.03448731, 0.002021277, 0.005622948, 0.036377333, -0.06633151
23, Turning Q.C., 0.014903592, 0.007797537, -0.017524483, 0.025570173, -0.07007365
24, Turning Rework, -0.04133122, 0.028455237, -0.034500916, 0.014157862, -0.05835166
25, end, -0.037023082, 0.02720283, -0.030863421, 0.013465518, -0.057179008
