0, start, -0.027821312, 0.070237175, 0.008994852, 0.028830465
1, 01_BB_5, -0.04450365, 0.00045387648, -0.05462441, -0.042529784
2, 01_BB_6, -0.048367754, 0.010538464, -0.071344174, -0.04402715
3, 01_BB_7, -0.059732802, -0.00041020033, -0.06286812, -0.054696303
4, 01_HOOFD_0, -0.04784911, 0.007829561, -0.0464758, -0.037561417
5, 01_HOOFD_1, -0.03849874, 0.006812354, -0.04525638, -0.032398086
6, 01_HOOFD_2, -0.049016997, 0.006861479, -0.061320875, -0.043483693
7, 01_HOOFD_3, -0.0410782, 0.000483235, -0.044669736, -0.03755521
8, 01_HOOFD_4, -0.035984933, 0.00013492815, -0.0407189, -0.03357175
9, 01_HOOFD_5, -0.03792859, 0.0007675914, -0.038875252, -0.033795584
10, 01_HOOFD_7, -0.06003617, -0.0028970249, -0.06100705, -0.055768143
11, 01_HOOFD_8, -0.054016605, 0.0064693037, -0.049900256, -0.043176185
12, 01_OLO_1, -0.04507771, 0.025972907, -0.07705065, -0.034693446
13, 01_OLO_2, -0.05371361, -0.024047345, -0.033522777, -0.056180973
14, 02_DRZ_0, -0.05112448, -0.0007624585, -0.05475974, -0.04735169
15, 03_GBH_0, -0.06616076, 0.014437101, -0.06772704, -0.050966404
16, 03_VD_0, -0.0555233, 0.032434266, -0.05312789, -0.02940211
17, 04_BPT_0, -0.056399144, -0.0012204127, -0.063114956, -0.053148784
18, 05_EIND_0, -0.045263715, -0.00036795656, -0.05096316, -0.042384878
19, 06_VD_0, -0.04699179, -0.00016084895, -0.056268055, -0.04500887
20, 07_OPS_0, -0.045960788, 0.0059725093, -0.061405916, -0.042373892
21, 08_AWB45_0, -0.041337926, 0.0015698851, -0.039073598, -0.035300218
22, 08_AWB45_1, -0.05829519, 0.015327224, -0.06816625, -0.04588117
23, 08_AWB45_WAW_0, -0.07883572, 0.043728787, -0.03805209, -0.03103958
24, 08_OLO_1, -0.038575307, -0.027377678, -0.033815347, -0.049228452
25, 09_AH_I_0, -0.048536483, 0.0032240674, -0.044087578, -0.04009002
26, 09_AWB45_0, -0.051631212, 0.014633388, -0.055981297, -0.03877094
27, 10_UOV_0, -0.049138438, 0.0067708446, -0.064725876, -0.044690087
28, 10_UOV_1, -0.06539759, 0.023843426, -0.08129932, -0.04914104
29, 10_UOV_2, -0.04849998, 0.025780834, -0.07085896, -0.0348628
30, 11_AH_II_0, -0.046789464, 0.009615568, -0.054477703, -0.03833743
31, 11_AH_II_1, -0.056435645, 0.030865774, -0.0623719, -0.033775065
32, 11_OLO_1, -0.025734674, 0.0036650498, -0.097631276, -0.04324475
33, 12_AP_0, -0.04656897, 0.0077826837, -0.06883545, -0.043765593
34, 12_AP_UOV_0, -0.07298024, 0.007358079, -0.0404615, -0.05071772
35, 13_CRD_0, -0.04566472, -0.0004626552, -0.04559295, -0.040995818
36, 14_VRIJ_0, -0.063487396, -0.0021709276, -0.0654343, -0.058789704
37, 14_VRIJ_1, -0.04522, 0.010448797, -0.0745944, -0.043336686
38, 15_NGV_0, -0.062059745, 0.016561234, -0.06511, -0.046379324
39, 16_LGSD_0, -0.057832796, 0.014014706, -0.06540119, -0.045677524
40, 16_LGSV_0, -0.051760197, 0.010590999, -0.050517313, -0.039568834
41, 99_NOCODE_0, -0.036222517, -0.0057728603, -0.048585203, -0.039763834
42, end, 0.06781552, -0.013170213, -0.07117681, 0.009414102
