0, start, -0.05282127, -0.036378503, 0.027587349, -0.06228619
1, 01_BB_5, -0.045598403, -0.049062815, -0.016881043, 0.041426342
2, 01_BB_6, -0.039001893, -0.042990725, -0.032139648, 0.06464551
3, 01_BB_7, -0.049738884, -0.04009404, -0.024388863, 0.029739335
4, 01_HOOFD_0, -0.053583954, -0.04183286, -0.02840062, 0.03216942
5, 01_HOOFD_1, -0.0332419, -0.035023812, -0.0269431, 0.051376007
6, 01_HOOFD_2, -0.069187485, -0.054809254, -0.035001002, 0.041345716
7, 01_HOOFD_3, -0.04944119, -0.032710265, -0.038826294, 0.03828036
8, 01_HOOFD_4, -0.031633887, -0.03259462, -0.025631463, 0.0474561
9, 01_HOOFD_5, -0.05109294, -0.04044911, -0.0258877, 0.031318378
10, 01_HOOFD_6, -0.029619405, -0.0301609, -0.046234127, 0.076387346
11, 01_HOOFD_7, -0.05426018, -0.056515623, -0.016385958, 0.040206637
12, 01_HOOFD_8, -0.046102826, -0.035124324, -0.02499132, 0.027418157
13, 01_OLO_1, -0.040659275, -0.037499737, -0.04893994, 0.07582683
14, 01_OLO_2, -0.07210686, -0.053164884, -0.028560843, 0.021398125
15, 02_DRZ_0, -0.045837164, -0.03045256, -0.037200727, 0.040743396
16, 02_OLO_1, -0.028937148, -0.055581737, 0.004272813, 0.049153835
17, 03_GBH_0, -0.04202331, -0.048396055, -0.02978807, 0.0661856
18, 03_VD_0, -0.032489073, -0.050132565, -0.023716165, 0.0755394
19, 04_BPT_0, -0.048032183, -0.056797445, -0.019262224, 0.05525434
20, 05_EIND_0, -0.040475108, -0.033245042, -0.03846565, 0.053991355
21, 06_OLO_1, -0.021289213, -0.041789483, -0.03054125, 0.088656254
22, 06_VD_0, -0.031609356, -0.037330907, -0.016986322, 0.04308252
23, 06_VD_1, -0.026514614, -0.045182, -0.030106748, 0.086070694
24, 07_OPS_0, -0.04013981, -0.051683307, -0.021406855, 0.06253757
25, 08_AWB45_0, -0.042743884, -0.052551948, -0.025037516, 0.065044895
26, 08_AWB45_1, -0.046337172, -0.04189606, -0.018808402, 0.029993802
27, 08_OLO_1, -0.030523565, -0.018807145, -0.04618969, 0.05563531
28, 09_AH_I_0, -0.033961326, -0.041643176, -0.013494402, 0.042899918
29, 09_AWB45_0, -0.05187015, -0.03174216, -0.03832281, 0.032375753
30, 10_OLO_1, -0.013186997, -0.032296024, -0.017207185, 0.06430137
31, 10_UOV_0, -0.032068968, -0.036828972, -0.02063517, 0.046703022
32, 10_UOV_1, -0.031048339, -0.037853833, -0.020482488, 0.049903877
33, 10_UOV_2, -0.05011874, -0.030810961, -0.0500773, 0.05178307
34, 11_AH_II_0, -0.0359613, -0.03897506, -0.01301901, 0.030745994
35, 11_AH_II_1, -0.05954187, -0.060972564, -0.013879683, 0.035755962
36, 12_AP_0, -0.05312224, -0.047147073, -0.014842545, 0.02128699
37, 12_AP_UOV_0, -0.02178671, -0.03014979, -0.02413336, 0.057089463
38, 13_CRD_0, -0.042670857, -0.049168486, -0.032051872, 0.06838619
39, 14_VRIJ_0, -0.050143693, -0.044038527, -0.02236279, 0.033140216
40, 14_VRIJ_1, -0.07081761, -0.03750061, -0.037947193, 0.011168833
41, 15_NGV_0, -0.031927466, -0.039929736, -0.02444138, 0.058876157
42, 16_LGSD_0, -0.051872406, -0.042875227, -0.022898812, 0.029213183
43, 16_LGSV_0, -0.025042713, -0.03091496, -0.011694542, 0.034099247
44, 99_NOCODE_0, -0.0630922, -0.034660917, -0.04827403, 0.03451886
45, end, -0.05066434, 0.024037637, -0.050063934, -0.05017707
