0, start, 0.013555984, 0.051129233, -0.022959577, 0.079186425
1, 01_BB_5, 0.021936966, -0.039122805, 0.018846268, 0.017554928
2, 01_BB_6, 0.010073094, -0.031310197, 0.056552, 0.056275353
3, 01_BB_7, 0.029914778, -0.04408982, 0.01745226, 0.03219707
4, 01_HOOFD_0, 0.014760292, -0.031843085, 0.043804917, 0.046718925
5, 01_HOOFD_1, 0.032421555, -0.07255798, 0.041966047, 0.028561449
6, 01_HOOFD_2, 0.025453331, -0.04865242, 0.065867476, 0.07529921
7, 01_HOOFD_3, 0.048609167, -0.06127901, 0.025531722, 0.05850073
8, 01_HOOFD_4, 0.015937762, -0.052451346, 0.06968554, 0.04967019
9, 01_HOOFD_5, 0.042352214, -0.068162724, 0.026900517, 0.03627939
10, 01_HOOFD_6, 0.02771645, -0.05355251, -0.0016346368, -0.017830126
11, 01_HOOFD_7, 0.022638109, -0.025555339, 0.028579306, 0.056110337
12, 01_HOOFD_8, 0.044664994, -0.05427994, 0.02231447, 0.050627954
13, 02_DRZ_0, 0.03227697, -0.040840883, 0.038276635, 0.06731548
14, 03_GBH_0, 0.03271959, -0.06339339, 0.030501012, 0.025125043
15, 03_VD_0, 0.008979843, -0.04854614, 0.06324212, 0.034071177
16, 04_BPT_0, 0.03821626, -0.048081193, 0.019911855, 0.04545823
17, 05_EIND_0, 0.013974604, -0.036385547, 0.05042598, 0.04451713
18, 06_VD_0, 0.03845531, -0.062417384, 0.025331048, 0.03199314
19, 06_VD_1, 0.021745697, -0.08724614, 0.06499487, 0.009682539
20, 07_OPS_0, 0.028203826, -0.032105017, 0.031895213, 0.059328414
21, 08_AWB45_0, 0.04647055, -0.060503013, 0.025032531, 0.05506709
22, 08_AWB45_1, 0.0074020186, -0.040526647, 0.050217602, 0.027665772
23, 08_AWB45_WAW_0, 0.0029735763, -0.054161243, 0.0390255, -0.018442303
24, 09_AH_I_0, 0.034299754, -0.03888307, 0.031467207, 0.06566391
25, 09_AWB45_0, 0.043415498, -0.048108824, 0.0147403935, 0.052528683
26, 10_UOV_0, 0.028579965, -0.03408707, 0.01613607, 0.04124354
27, 10_UOV_1, 0.044841666, -0.046337634, 0.015014876, 0.059034616
28, 10_UOV_2, -0.001706039, -0.02478601, 0.04920089, 0.025675314
29, 11_AH_II_0, 0.026190007, -0.031238632, 0.017918989, 0.039635587
30, 11_AH_II_1, 0.025359118, -0.025878908, 0.005502956, 0.026707401
31, 12_AP_0, 0.009913496, -0.024408787, 0.04784437, 0.050341178
32, 12_AP_UOV_0, 0.014522515, -0.07670017, 0.058765933, -0.00013632786
33, 13_CRD_0, 0.026555365, -0.06816524, 0.047125947, 0.0252048
34, 14_VRIJ_0, 0.013569131, -0.033910915, 0.054865934, 0.054944504
35, 14_VRIJ_1, 0.016272327, 0.0009389311, 0.015467988, 0.060769383
36, 15_NGV_0, 0.014104553, -0.027430184, 0.041210122, 0.047572564
37, 16_LGSV_0, 0.058918722, -0.051947124, -0.01781492, 0.042497408
38, 99_NOCODE_0, -0.005093607, -0.061062343, 0.05809036, -0.025410445
39, end, 0.047770217, 0.023581797, -0.06543537, 0.05925402
