0, start, -0.09122704, 0.052701898, -0.0429918, 0.007565983
1, 01_BB_5, -0.036411125, -0.075994626, 0.004968679, 0.018629933
2, 01_BB_6, -0.067548014, -0.065149635, 0.008939611, 0.025808817
3, 01_BB_7, -0.03478341, -0.06482051, 0.00076003274, 0.016112274
4, 01_HOOFD_0, -0.032499246, -0.05237586, 0.017354123, 0.017556712
5, 01_HOOFD_1, -0.050615113, -0.061226234, 0.0108860815, 0.021509679
6, 01_HOOFD_2, -0.029360214, -0.06247004, 0.0072965017, 0.015889294
7, 01_HOOFD_3, -0.049823847, -0.08681844, 0.0012614245, 0.02230147
8, 01_HOOFD_4, -0.038261425, -0.050944395, 0.013966403, 0.018069144
9, 01_HOOFD_5, -0.05031729, -0.0771898, 0.024577264, 0.026073504
10, 01_HOOFD_7, -0.019771067, -0.07852326, 0.016372798, 0.017161388
11, 01_HOOFD_8, -0.060176786, -0.07838907, 0.0014704835, 0.02371803
12, 01_OLO_1, -0.0313551, -0.07933762, 0.020520503, 0.020844242
13, 01_OLO_2, -0.030513166, -0.07176474, 0.0403953, 0.023956623
14, 02_DRZ_0, -0.03279853, -0.07424863, 0.009317302, 0.018501967
15, 03_GBH_0, -0.04152506, -0.072122015, 0.025381966, 0.023855047
16, 03_VD_0, -0.027290195, -0.109380916, 0.016948802, 0.022443162
17, 04_BPT_0, -0.053684168, -0.06228043, 0.012751146, 0.022870349
18, 05_EIND_0, -0.044171948, -0.088985085, 0.0245297, 0.02626225
19, 06_OLO_1, -0.056434415, -0.0262995, 0.0040847394, 0.017649235
20, 06_VD_0, -0.042224966, -0.051235616, 0.011914216, 0.018516542
21, 06_VD_1, -0.07304612, -0.04928247, 0.009390701, 0.02506281
22, 07_OPS_0, -0.050819565, -0.05470524, 0.008081603, 0.020207027
23, 08_AWB45_0, -0.026466876, -0.060767125, 0.0077877496, 0.014890631
24, 08_AWB45_1, -0.054609895, -0.09394059, -0.010263636, 0.02123769
25, 08_OLO_1, -0.07145377, -0.045515075, -0.004752112, 0.021441042
26, 09_AH_I_0, -0.028499454, -0.06595765, 0.013146284, 0.017043214
27, 09_AWB45_0, -0.02817309, -0.07332614, 0.010303503, 0.017085426
28, 10_OLO_1, -0.009047406, -0.104251474, 0.021987997, 0.018530678
29, 10_UOV_0, -0.056246977, -0.090046786, -0.004437241, 0.023057867
30, 10_UOV_1, -0.0328719, -0.10625953, 0.008749339, 0.021996975
31, 10_UOV_2, -0.076219484, -0.05021204, -0.0024100405, 0.024050564
32, 11_AH_II_0, -0.039458748, -0.07256524, 0.0024122507, 0.018324506
33, 11_AH_II_1, -0.030559305, -0.0712696, -0.010293847, 0.013351829
34, 11_OLO_1, -0.08379695, -0.051526107, 0.005988133, 0.027472664
35, 12_AP_0, -0.008745128, -0.0868565, 0.018945383, 0.0160448
36, 12_AP_UOV_0, -0.08203183, -0.053998098, 0.010430105, 0.02816855
37, 13_CRD_0, -0.05422884, -0.062332176, 0.01561441, 0.023563609
38, 14_VRIJ_0, -0.050735615, -0.055979494, 0.014325661, 0.021808513
39, 14_VRIJ_1, -0.042576186, -0.041620944, -0.022805005, 0.010470014
40, 15_NGV_0, -0.05036997, -0.0509949, 0.020425128, 0.022349263
41, 16_LGSD_0, -0.031635806, -0.07448994, 0.011273539, 0.018432025
42, 16_LGSV_0, -0.036885433, -0.0692011, 0.02332108, 0.021740986
43, 99_NOCODE_0, -0.060227107, -0.08323018, 0.03207211, 0.030372959
44, end, -0.04530694, 0.007899241, -0.10290691, -0.011117246
