0, start, -0.037539024, 0.055878684, 0.059074443, -0.012798906
1, 01_BB_5, -0.03635431, -0.0623614, 0.0044116396, 0.007223453
2, 01_BB_6, -0.045104492, -0.08089319, 0.0006555721, 0.0013450354
3, 01_BB_7, -0.057415336, -0.06010195, 0.018300463, -0.011553527
4, 01_HOOFD_0, -0.05202653, -0.06835231, 0.015750188, 0.005587998
5, 01_HOOFD_1, -0.04234671, -0.045809522, 0.021775253, 0.016702723
6, 01_HOOFD_2, -0.046354577, -0.044127416, 0.019747818, -0.0011431614
7, 01_HOOFD_3, -0.046285808, -0.03910218, 0.02482063, 0.006608692
8, 01_HOOFD_4, -0.038445033, -0.032408513, 0.020726744, 0.0061408933
9, 01_HOOFD_5, -0.042515546, -0.052216608, 0.012817455, -0.0005597771
10, 01_HOOFD_6, -0.06109793, -0.05043516, 0.021923944, -0.025096819
11, 01_HOOFD_7, -0.04951552, -0.086028, 0.0041052024, 0.0065506627
12, 01_HOOFD_8, -0.063213, -0.050496746, 0.03790644, 0.014371063
13, 01_OLO_1, -0.040194627, -0.09132506, -0.0053979605, 0.013575299
14, 02_DRZ_0, -0.04375358, -0.037139412, 0.023625443, 0.0061522136
15, 03_GBH_0, -0.05942395, -0.05072245, 0.0315552, 0.008050288
16, 03_VD_0, -0.079456344, -0.060677398, 0.036164764, -0.0182485
17, 04_BPT_0, -0.048814744, -0.0640883, 0.018206915, 0.01696066
18, 05_EIND_0, -0.044155568, -0.045453522, 0.023048721, 0.01660223
19, 06_VD_0, -0.051228814, -0.04310873, 0.028427163, 0.00852067
20, 06_VD_1, -0.066243894, -0.057751603, 0.021483485, -0.029225275
21, 07_OPS_0, -0.06564614, -0.09062306, 0.023570135, 0.02547932
22, 08_AWB45_0, -0.045958035, -0.040782094, 0.024948988, 0.0105548045
23, 08_AWB45_1, -0.064251736, -0.045183957, 0.040190406, 0.009524543
24, 08_OLO_1, -0.08014235, -0.054371197, 0.028843408, -0.04979346
25, 09_AH_I_0, -0.04517291, -0.058128882, 0.012823154, 0.001539744
26, 09_AWB45_0, -0.054757718, -0.053293496, 0.021278432, -0.007083807
27, 10_OLO_1, -0.039224103, -0.05047662, 0.0011220023, -0.025649084
28, 10_UOV_0, -0.048789404, -0.06671682, 0.013696849, 0.0075431815
29, 10_UOV_1, -0.040658973, -0.06417629, 0.008249529, 0.01032139
30, 10_UOV_2, -0.07129238, -0.07904657, 0.014853401, -0.030515105
31, 11_AH_II_0, -0.0549322, -0.07475427, 0.015370686, 0.0072718393
32, 11_AH_II_1, -0.05316621, -0.039454725, 0.029341388, 0.0005221845
33, 12_AP_0, -0.05246222, -0.05858861, 0.026254894, 0.022286734
34, 12_AP_UOV_0, -0.044736065, -0.08525074, 0.0031905866, 0.017264877
35, 13_CRD_0, -0.052122768, -0.07092828, 0.015819259, 0.010527111
36, 14_VRIJ_0, -0.04436073, -0.06265046, 0.012755884, 0.010858806
37, 14_VRIJ_1, -0.03954723, -0.05913518, -0.0023327256, -0.024706505
38, 15_NGV_0, -0.057490125, -0.08215238, 0.011457865, 0.002604756
39, 16_LGSD_0, -0.081526384, -0.029452723, 0.0678818, 0.020214632
40, 16_LGSV_0, -0.061725013, -0.024125516, 0.040735446, -0.012072866
41, end, 0.0047860257, -0.047266603, -0.06440306, -0.09646485
