0, start, -0.0088557955, -0.046565957, -0.045469515, 0.027292818
1, Role 1, -0.019590039, -0.016922738, 0.033057224, 0.008981323
2, Role 10, -0.008033437, -0.041769095, -0.04026605, 0.024440914
3, Role 11, 0.007094676, 0.04387108, 0.046006255, -0.025433378
4, Role 12, -0.010505526, -0.05197932, -0.050523948, 0.030648896
5, Role 2, 0.022195961, 0.03375892, -0.0017948366, 0.056074157
6, Role 3, -0.0544673, 0.015567412, 0.024306532, 0.049605943
7, Role 4, -0.0042813346, -0.041741926, -0.03311673, 0.022977429
8, Role 5, 0.00474687, 0.044354137, 0.052823666, -0.020800028
9, Role 6, 0.0014680737, 0.026897265, 0.04610112, -0.017717704
10, Role 7, 0.0074756676, 0.03993668, 0.039570887, -0.023096519
11, Role 8, -0.0073080156, -0.04066079, -0.0401026, 0.025078362
12, Role 9, -0.008627515, -0.03424833, -0.028930532, 0.019640677
13, end, -0.007015712, -0.03678046, -0.035916593, 0.021264207
