0, start, -0.02833636, -0.04631689, -0.0136052985, -0.012264307, -0.007045009
1, Role 1, 0.040782478, -0.025850128, -0.0045569045, -0.0011045415, -0.014213091
2, Role 10, -0.033211395, -0.05399598, -0.015926078, -0.01430808, -0.007971378
3, Role 11, -0.03950214, -0.06462115, -0.019048277, -0.015889406, -0.010129118
4, Role 12, 0.056070212, 0.09283526, 0.026978575, 0.024674088, 0.015410662
5, Role 13, 0.039064694, 0.06446176, 0.018870119, 0.01717467, 0.009368941
6, Role 14, 0.036847837, 0.059931297, 0.016472677, 0.015085798, 0.009751045
7, Role 2, 0.0102900285, -0.010301009, -0.040378142, 0.056698896, -0.0014944249
8, Role 3, 0.01840458, 0.0031212275, -0.038899843, -0.0034150349, 0.0013366714
9, Role 4, 0.021379035, 0.07733659, 0.017204229, 0.024807544, 0.01565083
10, Role 5, 0.030757152, 0.006471777, 0.04384444, 0.031485077, -0.02458547
11, Role 6, -0.021134323, -0.063010655, -0.010441575, -0.015911207, -0.0149207655
12, Role 7, 0.008072449, -0.015276519, -0.041095834, 0.08022647, -0.005350717
13, Role 8, -0.047764923, -0.07903616, -0.023256462, -0.021287382, -0.010824651
14, Role 9, -0.00931069, -0.05990667, -0.031249693, -0.01203588, -0.014993738
15, end, -0.03433326, -0.056088865, -0.016553184, -0.015192442, -0.008218299
