0, start, -0.0076170433, -0.017895939, -0.024331605, 0.05042017, 0.022960022
1, Role 1, -0.00865156, 0.11066338, 0.022541966, 0.03455891, 0.032240126
2, Role 10, -0.010274534, -0.022216698, -0.030478077, 0.06285135, 0.027431378
3, Role 11, 0.009032274, 0.022639541, 0.0314392, -0.06367611, -0.027906476
4, Role 12, -0.012951077, -0.02652046, -0.040657435, 0.08314837, 0.036680732
5, Role 13, -0.010427714, -0.02655729, -0.03606046, 0.07401315, 0.033005852
6, Role 14, -0.0076149353, -0.01956961, -0.02736022, 0.055909637, 0.024187265
7, Role 2, 0.0062209517, 0.0075643747, 0.054215163, 0.03613443, -0.013224602
8, Role 3, 0.039792843, 0.0028715536, 0.013656408, 0.03102925, -0.04518134
9, Role 4, -0.030990593, -0.050491862, -0.03164471, 0.08252479, 0.01963425
10, Role 5, 0.05295377, 0.015131866, -0.035079896, 0.01854175, 0.009364775
11, Role 6, -0.0052819983, -0.013898448, -0.03826538, 0.07567281, 0.036863577
12, Role 7, -0.0017174339, 0.005455403, 0.07489121, 0.045735355, -0.013398609
13, Role 8, 0.0062526865, 0.016892545, 0.02342162, -0.048100673, -0.021670496
14, Role 9, 0.019840572, 0.037765283, 0.051449332, -0.05626289, -0.03668908
15, end, -0.011252885, -0.026212467, -0.036310717, 0.07472533, 0.033160754
